var windData = [
    [33.76, 108.2, 96.61, 3.15],
    [33.76, 108.315, 76.36, 1.75],
    [33.76, 108.43, 20.87, 2.36],
    [33.76, 108.545, 90.17, 2.36],
    [33.76, 108.66, 90.06, 2.57],
    [33.76, 108.775, 144.41, 2.36],
    [33.76, 108.89, 90.44, 2.02],
    [33.76, 109.005, 90.27, 2.55],
    [33.76, 109.12, 90.15, 2.76],
    [33.76, 109.235, 90.08, 2.5],
    [33.76, 109.35, 90.67, 2.16],
    [33.76, 109.465, 90.93, 2.1],

    [33.875, 108.2, 92.31, 2.66],
    [33.875, 108.315, 93.61, 2.66],
    [33.875, 108.43, 100.19, 2.86],
    [33.875, 108.545, 90.46, 2.17],
    [33.875, 108.66, 120.69, 3.51],
    [33.875, 108.775, 95.53, 2.0],
    [33.875, 108.89, 106.37, 2.25],
    [33.875, 109.005, 93.95, 0.64],
    [33.875, 109.12, 96.08, 4.22],
    [33.875, 109.235, 135.9, 2.08],
    [33.875, 109.35, 120.5, 2.99],
    [33.875, 109.465, 122.74, 1.08],

    [33.99, 108.2, 233.05, 0.07],
    [33.99, 108.315, 303.74, 4.48],
    [33.99, 108.43, 68.25, 0.05],
    [33.99, 108.545, 4.84, 0.58],
    [33.99, 108.66, 256.16, 2.34],
    [33.99, 108.775, 177.02, 3.65],
    [33.99, 108.89, 358.2, 1.37],
    [33.99, 109.005, 223.77, 0.64],
    [33.99, 109.12, 326.51, 2.84],
    [33.99, 109.235, 180.19, 2.04],
    [33.99, 109.35, 175.65, 3.26],
    [33.99, 109.465, 41.16, 2.07],

    [34.105, 108.2, 169.75, 4.74],
    [34.105, 108.315, 171.21, 3.69],
    [34.105, 108.43, 172.3, 2.52],
    [34.105, 108.545, 173.03, 1.31],
    [34.105, 108.66, 168.61, 0.31],
    [34.105, 108.775, 188.3, 0.18],
    [34.105, 108.89, 10.42, 2.55],
    [34.105, 109.005, 11.73, 2.8],
    [34.105, 109.12, 85.75, 2],
    [34.105, 109.235, 86.15, 1.63],
    [34.105, 109.35, 89.82, 1.16],
    [34.105, 109.465, 90.69, 1.64],

    [34.22, 108.2, 80.33, 1.25],
    [34.22, 108.315, 182.96, 4.39],
    [34.22, 108.43, 106.77, 3.28],
    [34.22, 108.545, 261.89, 4.97],
    [34.22, 108.66, 323.91, 2.14],
    [34.22, 108.775, 181.85, 1.21],
    [34.22, 108.89, 184.68, 4.38],
    [34.22, 109.005, 22.11, 1.04],
    [34.22, 109.12, 321.79, 2.15],
    [34.22, 109.235, 93.91, 0.67],
    [34.22, 109.35, 140.52, 2.93],
    [34.22, 109.465, 71.48, 4.98],

    [34.335, 108.2, 332.69, 1.7],
    [34.335, 108.315, 259.1, 2.44],
    [34.335, 108.43, 130.82, 3.94],
    [34.335, 108.545, 164.49, 0.8],
    [34.335, 108.66, 293.5, 0.85],
    [34.335, 108.775, 329.24, 4.02],
    [34.335, 108.89, 358.51, 3.49],
    [34.335, 109.005, 275.58, 4.07],
    [34.335, 109.12, 48.19, 4.45],
    [34.335, 109.235, 49.2, 2.5],
    [34.335, 109.35, 146.01, 2.01],
    [34.335, 109.465, 233.11, 4.06],

    [34.45, 108.2, 338.01, 0.41],
    [34.45, 108.315, 155.75, 2.64],
    [34.45, 108.43, 349.52, 4.99],
    [34.45, 108.545, 337.75, 3.19],
    [34.45, 108.66, 18.52, 2.56],
    [34.45, 108.775, 343.39, 4.78],
    [34.45, 108.89, 336.79, 1.2],
    [34.45, 109.005, 227.27, 0.56],
    [34.45, 109.12, 349.94, 1.73],
    [34.45, 109.235, 153.56, 1.72],
    [34.45, 109.35, 346.03, 1.29],
    [34.45, 109.465, 76.19, 0.98],

    [34.565, 108.2, 239.09, 2.24],
    [34.565, 108.315, 359.94, 2.5],
    [34.565, 108.43, 161.46, 3.49],
    [34.565, 108.545, 212.64, 2.61],
    [34.565, 108.66, 249.28, 4.54],
    [34.565, 108.775, 197.52, 1.41],
    [34.565, 108.89, 127.86, 4.64],
    [34.565, 109.005, 67.79, 4.08],
    [34.565, 109.12, 83.2, 1.38],
    [34.565, 109.235, 270.77, 2.42],
    [34.565, 109.35, 267.56, 4.04],
    [34.565, 109.465, 315.93, 4.47],

    [34.68, 108.2, 92.94, 0.12],
    [34.68, 108.315, 190.05, 0.3],
    [34.68, 108.43, 351.11, 1.52],
    [34.68, 108.545, 306.45, 3.41],
    [34.68, 108.66, 313.26, 1.18],
    [34.68, 108.775, 311.06, 2.62],
    [34.68, 108.89, 359.62, 2.19],
    [34.68, 109.005, 68.21, 1.76],
    [34.68, 109.12, 331.67, 2.16],
    [34.68, 109.235, 95.09, 0.14],
    [34.68, 109.35, 248.84, 1.75],
    [34.68, 109.465, 272.43, 0.22],

    [34.795, 108.2, 265.75, 3.05],
    [34.795, 108.315, 265.54, 3.42],
    [34.795, 108.43, 265.04, 3.64],
    [34.795, 108.545, 265.28, 4.28],
    [34.795, 108.66, 265.26, 0.53],
    [34.795, 108.775, 265.37, 2.12],
    [34.795, 108.89, 265.44, 2.66],
    [34.795, 109.005, 265.9, 1.94],
    [34.795, 109.12, 265.17, 4.34],
    [34.795, 109.235, 265.1, 0.6],
    [34.795, 109.35, 265.29, 3.33],
    [34.795, 109.465, 265.32, 3.97],

    [34.91, 108.2, 265.36, 2],
    [34.91, 108.315, 265.53, 1.56],
    [34.91, 108.43, 196.13, 4.25],
    [34.91, 108.545, 265.99, 4.54],
    [34.91, 108.66, 265.47, 2.42],
    [34.91, 108.775, 265.72, 1.83],
    [34.91, 108.89, 265.84, 0.83],
    [34.91, 109.005, 265.16, 0.71],
    [34.91, 109.12, 265.64, 0.04],
    [34.91, 109.235, 265.07, 4.47],
    [34.91, 109.35, 265.07, 3.83],
    [34.91, 109.465, 265.59, 1.95],

    [35.025, 108.2, 265.47, 4.38],
    [35.025, 108.315, 265, 4.12],
    [35.025, 108.43, 265.8, 3.19],
    [35.025, 108.545, 265.31, 2.46],
    [35.025, 108.66, 265.29, 1.59],
    [35.025, 108.775, 265.09, 0.53],
    [35.025, 108.89, 265.45, 0.71],
    [35.025, 109.005, 265.74, 3.6],
    [35.025, 109.12, 265.12, 1.67],
    [35.025, 109.235, 265.1, 3.43],
    [35.025, 109.35, 265.45, 0.91],
    [35.025, 109.465, 265.07, 4.45]
];